,Astro,BCell,CA,DG,Endo,L2/3 IT CTX,L4 IT CTX,L4/5 IT CTX,L5 IT CTX,L5 PT CTX,L5/6 IT CTX,L5/6 NP CTX,L6 CT CTX,L6 IT CTX,L6b CTX,Lamp5,Macrophage,Microglia,Neutrophil,Oligo,Pvalb,SUB,Sncg,Sst,Sst Chodl,TCell,Vip
AAACACCAATAACTGC-1,0.05497210751889122,0.005157659236270834,0.015810211049504905,0.029804868341583947,0.005628246101933211,0.010032954458379153,0.014662693329890149,0.01326199156880436,0.03790678784563801,0.04087960232963374,0.016089745958645464,0.016146179219466438,0.25910192497989537,0.018750536763935153,0.021999702617244817,0.021642299477902555,0.0038217366065633872,0.16340363262397656,0.0002781232957193194,0.07797501192644239,0.016543779249912023,0.010619266672176747,0.030299421994459206,0.04934913048039978,0.010875830343335186,0.036984408379411624,0.018002147629984436
AAACAGAGCGACTCCT-1,0.08357073300505075,0.005189131073770287,0.05208236946472261,0.017519945420557383,0.002037514523626581,0.00967203470080778,0.013716684952284414,0.011484045799536984,0.012618032924270434,0.03777013589776731,0.019032003071690402,0.041436937519440394,0.018743481099632746,0.032510558893348245,0.0386626920602323,0.06087897785355018,0.00328728270940763,0.1567038569919085,0.00022549744898570952,0.14507985664337708,0.014317558079712916,0.016488585929581502,0.05448323674680086,0.044400718260210914,0.055711957574103105,0.0276682027836497,0.024707968571973278
AAACAGCTTTCAGAAG-1,0.08163223771383886,0.0019830233205272397,0.011895822595531574,0.016563800719618087,0.004597043934768878,0.009594832074130966,0.25306044035976744,0.03145257594775069,0.014954326804812684,0.016537698556101797,0.020159168946223976,0.015238554332585526,0.014035996523213192,0.01806510543300124,0.05328070697736394,0.02626774367840637,0.019653639545650463,0.117845220651333,0.0040699358982381,0.07244879669812872,0.08084741138350449,0.022548567514658873,0.012691056246223756,0.015235146515757322,0.007095570318108049,0.02750300312621986,0.030742574184534924
AAACAGGGTCTATATT-1,0.0610722289974289,0.006038338621868844,0.026608478933787306,0.027199184781333336,0.0027151881950242557,0.01532474378115552,0.033178647166392294,0.030337976592094012,0.1281488356771193,0.06275003504925873,0.029238400538832404,0.03827729599440363,0.027905437857095008,0.02562459278850496,0.03300247078481939,0.07531696110255982,0.005229596438978632,0.12117439381908295,0.00029148188388962014,0.10008754450451333,0.024117072743456404,0.01568621588527702,0.021826307264667257,0.02885273624411457,0.011113797320675174,0.02982102895670784,0.019061008076959478
AAACCGGGTAGGTACC-1,0.09262190518180514,0.0047631454318247364,0.2310627384765938,0.03697741844789144,0.009493267745787721,0.01195724676563048,0.01707603080110189,0.018127754112144196,0.017932696711228307,0.01954472355345529,0.01921034821130108,0.02142971566041527,0.015811838682378267,0.02435478772006376,0.022400446718813333,0.026367809091215066,0.0039381476017144685,0.17370017042698624,0.00047414028595757913,0.06770154578138145,0.021355927500704773,0.013174024902144683,0.026009047447778415,0.026686433010091284,0.016980980883037528,0.038118128911549455,0.02272957993700434
AAACCGTTCGTCCAGG-1,0.07603099928348338,0.0015060094399370985,0.00920954678606827,0.2503000926757001,0.0011423191329659184,0.030890370399876594,0.011794488614311208,0.00949090503249465,0.00823493356390915,0.00910447215472409,0.009040787075701334,0.14715201578631273,0.008570982297664566,0.010843100250679772,0.011040755788383875,0.009638007453745866,0.014306935299395244,0.1498863012417304,0.0001395548104669173,0.05689869112909788,0.008180877567068099,0.0038823274327331866,0.08327446497001086,0.013370372661281181,0.012580379237505664,0.03842239744516802,0.015067912469583989
AAACCTCATGAAGTTG-1,0.0541567074857638,0.0026631426574533134,0.014866854180724668,0.024208278358406964,0.007345834042573791,0.008316406322369057,0.014371858837255627,0.01670206646525912,0.023243565811782215,0.014918936954928068,0.07126198876492057,0.012873608744010636,0.13065805269705566,0.10132148074494078,0.018760812008096275,0.01675297394350908,0.0019381082010427452,0.1760674766279356,0.00012102337741818906,0.095089109815114,0.016528011165569508,0.008075066262890628,0.014527824653040202,0.08153370904120681,0.013339753324799511,0.049270912652080584,0.011086436859852609
AAACGAAGAACATACC-1,0.07746911051885301,0.008703554097075964,0.05285355520691773,0.034463138969808606,0.015477815126941383,0.01060773034880955,0.012274222093670937,0.013691907441017342,0.014333743097751605,0.10210575154141105,0.014346153277510995,0.019824703496662557,0.015244873227655477,0.017117352363682267,0.08565217512613495,0.06352704543453147,0.019196660962759935,0.11420789150903225,0.0003133846390410893,0.14511090058864776,0.013797120689147239,0.011823444038693464,0.02621989483953629,0.020392869073753775,0.008974191425810825,0.04590460892527494,0.03636620193986753
AAACGAAGATGGAGTA-1,0.10748420769567177,0.008704794163345022,0.018595192672381047,0.017511265989171063,0.018093992446166236,0.11612085254594039,0.031807501484068856,0.01816868605137906,0.01759393837014123,0.020786785353967174,0.024215600467256324,0.0208760648854252,0.016963455584385834,0.05646359083603832,0.03644530816196614,0.0483111010019214,0.005997541801706069,0.18184654324885519,0.0003703018454832261,0.06204715810115697,0.017427903749216718,0.027271505410536034,0.022343997002902963,0.020295102229382956,0.012328928533876701,0.018907365953317833,0.05302131441434029
AAACGAGACGGTTGAT-1,0.10315198412878544,0.010572758660004594,0.008969602084369255,0.016416577431114226,0.02793731979547323,0.006026581856820945,0.012638578421684565,0.06964093609786388,0.009929674471956832,0.013335455367828746,0.009469355308780883,0.025700666420442095,0.030445007122235603,0.010197716606593417,0.05257273190927167,0.0672416899711069,0.0019842888372247204,0.2276327445850752,0.00019007972638265453,0.12480626052714122,0.02094720499315012,0.021298949245498182,0.034702321753842746,0.03724319918323304,0.0235240813527074,0.016692434004162364,0.016731800137250077
AAACGGGTTGGTATCC-1,0.07675621136212399,0.0027676140194014187,0.009675165212885068,0.013661192864837442,0.005212954772294245,0.04902931867661059,0.1175011525286745,0.030297134930643684,0.016359277087896733,0.015200768973501977,0.10658541988529244,0.013434120073439838,0.01081320046670998,0.03927954244116739,0.01373968626030538,0.036230944260621865,0.015291421639951152,0.1553927072201569,0.00194502274113472,0.07200125030994985,0.025376150910183207,0.00566896666656268,0.012469640635753539,0.09014768384802287,0.0065016129843412165,0.0338360287788324,0.02482581044870491
AAACTAACGTGGCGAC-1,0.07328519009093871,0.00417597010810214,0.010432547263484103,0.031094286758215087,0.009885410766670879,0.03001015334802569,0.01330795505833824,0.01350202872922258,0.010333275513790693,0.015875802292901003,0.032550434381053796,0.049749029619322024,0.01021238151965631,0.06141096728734792,0.017589937314127183,0.021506800009474098,0.015084497378651543,0.11855187197491483,0.00022740537805198164,0.13025872872180763,0.06461608288316455,0.0062355800433322,0.05532510879579401,0.08372063720636817,0.03534584786077645,0.03383092913771744,0.051881140558750746
AAACTCGTGATATAAG-1,0.1262368500263046,0.008689403073783547,0.04120075031536031,0.019279661678219193,0.002702589103443977,0.008410054344859886,0.014111803325737367,0.01450747191229055,0.018481552944426296,0.0174693750577449,0.012644711262592428,0.07280139494008926,0.012046658030255503,0.018392918501356898,0.07485987532040776,0.08157738377141051,0.003574581003568596,0.13773815610202292,0.00036598371898050464,0.0853722912432465,0.022006721007188715,0.007120275302602824,0.04662393034292578,0.053435142563252574,0.021938540648662238,0.0231724207606396,0.05523950369862676
AAACTGCTGGCTCCAA-1,0.07969040935039744,0.004131406477472003,0.011853384032243763,0.021697105830290907,0.012570906465995332,0.005916699080082046,0.05634992606444255,0.02642887342053011,0.01117432403856625,0.03227944707024045,0.017801108072604904,0.07271023178704468,0.009870734943698561,0.013559984516085965,0.02756990779026186,0.06115067895789666,0.017432958432583714,0.2311979514690443,0.01427735272812867,0.12191256647950313,0.042314335365328394,0.007503662244764386,0.013852018228202645,0.019889741749796026,0.006544853107935359,0.022356407381901332,0.03796302491495857
AAACTTAATTGCACGC-1,0.0847355543219784,0.012493624401617519,0.01149750782418,0.013659207965818187,0.006365989605012556,0.13874540342170752,0.12215075748147468,0.057578442297990265,0.01642483635780624,0.017840970961503055,0.027251832506703356,0.014649198271567295,0.009369883121008353,0.021907209743974077,0.014989360773920712,0.016369468660514145,0.002380397067969432,0.15492677004096952,0.00027933954787773523,0.0622894908769471,0.03400701447092366,0.009141562428035986,0.014364263962098141,0.03593324597793125,0.025653607448775956,0.030171909653153056,0.044823150808541795
AAACTTGCAAACGTAT-1,0.06235630948794712,0.004886117401947212,0.0312555437514151,0.05629713880084524,0.0036204841182873007,0.009455211109202551,0.015262895193188106,0.01520703584831432,0.013508095622677857,0.01852758258836007,0.0138093641989413,0.017846032354423457,0.018384302847692265,0.014084836889703748,0.22859335395074154,0.021048501180986806,0.00432720028079366,0.15703890464011824,0.0003452161026225077,0.12252449041957582,0.016517633080042785,0.05002064416181193,0.014754099183580222,0.03414182544681656,0.009686715857011636,0.03211314701732712,0.014387318465625517
AAAGACATGAAGTTTA-1,0.08670030049310264,0.0017949942946001935,0.04084212385702379,0.023759109518316432,0.006386688244084883,0.016887653910128874,0.009218154923481083,0.010904262410264204,0.010412339115663817,0.04194342683347582,0.05501974987188769,0.08546451613979,0.01371617920695396,0.04776584929965847,0.018320122385427948,0.09508413443125091,0.020410998217236645,0.178094895542861,0.00017431267158051386,0.07366522377112589,0.026816599022094045,0.008974892720552515,0.019222503980331623,0.03562333783503941,0.021595942256636948,0.023879739934568163,0.027321949112862523
AAAGACCCAAGTCGCG-1,0.07068318588963164,0.01216075604435947,0.059381116370270604,0.017500496301531672,0.002232708636689418,0.07580087398402782,0.014606590164380344,0.011579145561515966,0.011357215137117703,0.0313233743931883,0.014399065044765744,0.01817820078711178,0.05713574004845655,0.019068956073326072,0.014858398413723509,0.066672290605138,0.00853410316567145,0.18019355781252144,0.0001667353196229159,0.1480851553847767,0.013224481571275964,0.015429491054421826,0.014361629692711635,0.0470577400571258,0.009656937999274794,0.03456913396505757,0.03178292052230529
AAAGACTGGGCGCTTT-1,0.08176035828250196,0.003304229833564166,0.013318774848269325,0.02242586396847995,0.004314057718334439,0.00947396666627355,0.15550752523751304,0.03492875885097208,0.022847423062939364,0.017778212955230722,0.1400754921430646,0.017052470304879802,0.017570050604222367,0.020207534726488122,0.01710916789279854,0.02750231325062591,0.003427779928819722,0.13839672786488372,0.0001445286416285229,0.061308176639803605,0.06995763662465587,0.00819848125946527,0.015708374672715054,0.038239496017123925,0.008468121818990438,0.037021883864222706,0.013952592321533201
AAAGGCCCTATAATAC-1,0.07325855294302891,0.009400412713296785,0.009318995572397864,0.040853803371181566,0.005539530902271334,0.007879389504386802,0.013581581451378725,0.01260158891271684,0.024573372384479885,0.020112974224974597,0.024959035493526485,0.015443120534052283,0.15302987536709806,0.1023580751878878,0.022565466666012567,0.021460846347834146,0.00692445339775473,0.18034612148448625,0.002262357213007975,0.06866342678754787,0.017752220823540187,0.006112236915100204,0.02370145353471791,0.06628708123225838,0.020916171376216656,0.024554577305375875,0.025543278353469315
AAAGGCTCTCGCGCCG-1,0.08293170275634826,0.027503757350823173,0.02307768983482151,0.027918026609664005,0.0033040426104427845,0.0067682119963007065,0.013379090362893035,0.06423308658660921,0.07415294360684377,0.020442663840746916,0.020280270253098816,0.03862812373624372,0.017056686590284767,0.014731280841319427,0.019573352772841036,0.01878997035009564,0.014851690498955806,0.17674370966965156,0.0003128861528995369,0.12212591406895035,0.03943776439955309,0.008745938293805246,0.04412047123560067,0.03195601379456502,0.00828639240822869,0.04267683852137371,0.03797148085703956
AAAGGGATGTAGCAAG-1,0.055085906220213136,0.002083443608680117,0.013047642339093774,0.04160935926704513,0.007042551509406603,0.007366866872121659,0.01301063730070138,0.010511174318362142,0.00995966523709548,0.011605534199910356,0.01437198413463948,0.08288795321967071,0.010165858277180393,0.058437148720311805,0.017695515713915713,0.026652240902116285,0.011568811927233935,0.1172895748573358,0.00021085747014675888,0.2116285540607249,0.06727957313405256,0.007868347518487837,0.08211745730541233,0.019139537930653563,0.011443849712786782,0.07708204340861186,0.012837910834089548
AAAGGGCAGCTTGAAT-1,0.08211429953705857,0.007264437493941033,0.011653521139861817,0.020325046331856323,0.005938227568428211,0.00811975265531414,0.014878840449176865,0.0235599808009753,0.027003964685626967,0.016590603658978364,0.11157083734745694,0.0188173623534991,0.06618257608655792,0.08639024828930704,0.03733171969713896,0.017544798934929044,0.005709192450209504,0.16374973503515333,0.0003315576432601122,0.0929186893377534,0.061602139081651824,0.0060886671872132534,0.026532311229194406,0.02633131256224563,0.01107508231021379,0.036143982988446746,0.014231113144551425
AAAGGTAAGCTGTACC-1,0.0997482710184939,0.007749177323992617,0.016774666016566186,0.01595331384740105,0.008958938807649386,0.044565111499828745,0.01577814063754074,0.014042657400696868,0.013277399694394298,0.024297585696024825,0.013790437875750147,0.01914064397366498,0.012005660053477581,0.017869358692606585,0.0625549289507407,0.022877163210329336,0.010575164175091637,0.06703815917608413,0.00019357901928944088,0.12588544577984787,0.07707112252867125,0.009540640922780468,0.04505332179948932,0.08222666194382612,0.03316462281565829,0.056281798237328484,0.08358602890277504
AAAGTAGCATTGCTCA-1,0.06941850830011308,0.004131959664568219,0.22128946159230697,0.020510696323687957,0.003651997737944732,0.01295376723286281,0.02526283690972521,0.02178379180965991,0.02198066299966167,0.03479858998968606,0.022000756058262422,0.024727097694020695,0.021298910951482918,0.022436433524401188,0.020651309981712867,0.026377862047252933,0.004866722406866603,0.13142631296927143,0.0007575451240677292,0.08293991627180362,0.018718313285715014,0.038041127186641766,0.04518592278408709,0.027239891652958,0.010533975862970927,0.04742827384171652,0.019587355796551655
AAAGTCACTGATGTAA-1,0.06324532268054353,0.004144334823321125,0.06958058312290474,0.029767204846529068,0.0032486507550983416,0.01429870366942968,0.01491239768673151,0.013897352542746095,0.015745361717832664,0.023259086137585205,0.02455491184078072,0.0403802129088937,0.057078857515266986,0.02557447204502028,0.02327020813253599,0.06326924917223668,0.06765529909606542,0.08917162609153666,0.000270645091726055,0.20777744460686567,0.01745452473985486,0.01241012316486779,0.05488045923016694,0.017668789504382717,0.010519142059017125,0.020835884286455435,0.015129152531605006
AAAGTCGACCCTCAGT-1,0.07925906856779967,0.002523352344036399,0.01872923105308294,0.05170957237959655,0.002163406069181859,0.009482090730819227,0.0606122337987932,0.0242523723660378,0.04419517106543878,0.11529689505279021,0.050445967695291354,0.04460548028693025,0.022197963600204252,0.016545093739730996,0.018181942246103238,0.02730097473276196,0.0020594760982456167,0.17831973572322693,0.00014774747770858067,0.061595612677707905,0.015831205436497527,0.008766717213491563,0.043865854804839524,0.02737185461778386,0.005472996532612843,0.04260203318319123,0.02646595050609574
AAAGTGTGATTTATCT-1,0.11003319259722001,0.013086526706622026,0.01908987609116302,0.016062910996015534,0.01457462270356631,0.008836358604628246,0.015375111769488161,0.01684851307026719,0.014736408137908635,0.01813226397866358,0.01633980176141635,0.020239333378349076,0.02007249525785126,0.019865887684795587,0.019477266523018563,0.03891940960016481,0.004318239854370596,0.2174073445541151,0.0004273541880793483,0.18745967880289896,0.020180139980983235,0.011804245321173922,0.045772507053445016,0.02522224897164221,0.054685290352441365,0.029454705842863006,0.021578266216848874
AAAGTTGACTCCCGTA-1,0.11657333201941152,0.008183983092153936,0.04512323856718282,0.01507141961353219,0.01755727927356592,0.010779421435415583,0.017314446227460558,0.01644029995656612,0.015012704417983379,0.019818059749663944,0.016641848839068173,0.018285528725320164,0.011577870012023563,0.024742322453234593,0.04395642099506517,0.019072926712955185,0.004164025206233297,0.14514119250401522,0.0003198540111170619,0.12509985048774133,0.08165123108342685,0.03636749388317197,0.02705929354650335,0.0393543799008872,0.014048345567505584,0.03626706096209142,0.0743761707567039
AAATAACCATACGGGA-1,0.07388593835451239,0.010221452055733113,0.062067125081815215,0.03241042537401149,0.015164242476269596,0.044911215621503395,0.012761574840114616,0.01182225716233744,0.010332067489271585,0.017689224602396282,0.009932597098736793,0.03174326539954729,0.012668612683541414,0.013780882019971023,0.07419470428345179,0.04392579699511502,0.01226381389702744,0.14334346230853495,0.00020890129476545778,0.13728783606052028,0.012389720196350762,0.01138576608802267,0.06904070899685046,0.014988779911193439,0.043770287111335904,0.018580796128053377,0.05922854646901679
AAATACCTATAAGCAT-1,0.10922790217201808,0.003096142895349461,0.02131164156477954,0.020238744689860335,0.010220756788410652,0.007876116505749734,0.0902769777034051,0.0239792203041859,0.011650638875454094,0.012416426654171494,0.01122239348076466,0.015640459087977437,0.013376783831560506,0.01398041193449658,0.06626804568166661,0.04753973332997833,0.003479150237772774,0.20766895076663494,0.0005255049134592027,0.12121725020022889,0.06190918943126297,0.009024907730085435,0.015904861201884814,0.017807901951114074,0.007506962971191992,0.03770047437092082,0.03893245072561556
AAATAGGGTGCTATTG-1,0.08888181279364696,0.0014561383294550043,0.010149245950516127,0.03748669044500668,0.0013426937040358178,0.009323438295789145,0.013292874549924848,0.019004561843541,0.009999339274752066,0.06057276440779026,0.01173609043099811,0.060932620123324906,0.01744089624603302,0.012353386445441731,0.015965172666375663,0.05093984104897069,0.05514880764679524,0.15780978585030242,0.0005297402694293387,0.147551323947248,0.06194589075399309,0.013956900372485965,0.04113494607804264,0.04005464147447169,0.006998941737883132,0.03730074330631804,0.016690712007428443
AAATCGCGGAAGGAGT-1,0.08383027760108475,0.0041926795665435,0.04673679225935323,0.01994859451447602,0.002492814442945627,0.18682238235539125,0.057758893982736904,0.02515411746254557,0.020078467314884073,0.0172222752833452,0.019935994155907747,0.022848417697806073,0.017115310041665343,0.02143642379354815,0.04390851196283816,0.07956043876831909,0.005087238299656091,0.12232858789768833,0.000863648804033307,0.06388835115711014,0.016141081896846366,0.010147153418497853,0.01912132311062396,0.019189297464622626,0.00920590223017686,0.04666504950350189,0.01831997501385189
AAATCGTGTACCACAA-1,0.08530265469212703,0.003139396198783008,0.014034551220918842,0.025682176275212798,0.0025357922801646647,0.009139208997484575,0.017076331364306602,0.03905426554606228,0.039724712254445245,0.01931234797424582,0.055154156490792056,0.022425854147597436,0.01917023296787766,0.016751387632500774,0.016089312735271144,0.06547884683709232,0.0022880028085955862,0.2549937060984775,0.00018615469435941654,0.13607795043488619,0.03871342554842794,0.012913490024232087,0.014153131888167183,0.0417631412565966,0.01152936679075599,0.02251951589422157,0.014790886946397715
AAATGATTCGATCAGC-1,0.13628742136097188,0.009398467686916224,0.01810161398760783,0.04802156885466372,0.0021245359342027064,0.00913079061415996,0.014350438776611045,0.015184369323474054,0.013880908882522285,0.018567632096832924,0.013211560016884354,0.10647578522119346,0.01968889967774214,0.018715783846500224,0.02165449639570585,0.019597832840931462,0.015781945737864397,0.10795070811659839,0.0003804885178959801,0.12103942146073696,0.016120740123236096,0.007944079555991608,0.11937333631097059,0.020833382143208876,0.05974437560559528,0.021963170932463173,0.024476245978518527
AAATGCTCGTTACGTT-1,0.07570466854524316,0.0027225069706222835,0.013123445066754297,0.02368796975676297,0.012305648117951064,0.011436310181930184,0.021226249678890082,0.020664160310157394,0.05525819453860075,0.10537563176465908,0.1032310411572299,0.044474460481061705,0.017873815040027455,0.02796070064681021,0.014683084645740915,0.020859738385105273,0.005296363660134335,0.20003161129672578,0.0002441207933758181,0.06520150922794776,0.012678588694671108,0.010217223793366616,0.026919415284517266,0.038459418734887826,0.006606245532280676,0.03382045999275201,0.029937417701794075
AAATGGCATGTCTTGT-1,0.07381363178355839,0.0024756946881026643,0.0660262525645297,0.04361540397317623,0.0063071617216229866,0.02331958919621751,0.016379747190977793,0.015248032986348636,0.015856283008878144,0.032393122980525664,0.01650907964589346,0.016876631680587277,0.038626842299844755,0.023623209063223172,0.019555389067131303,0.023325494965971166,0.02434655914821381,0.11335864769638095,0.018859596893458095,0.20034429072517415,0.01548309679274175,0.006842899843920913,0.037231651626810504,0.058863404344935075,0.023580743936473695,0.03437355189949093,0.032763990275811304
AAATGGCCCGTGCCCT-1,0.06219544001570863,0.004422225199373951,0.02232802642213625,0.03375381925716523,0.0031781568341640366,0.014992441838238271,0.02400752740572998,0.019919136600431823,0.02569583434485618,0.02504043841543059,0.026744164304223324,0.028011541371880274,0.025777695896905786,0.1430113458065363,0.03103541808360489,0.029212253602125624,0.004382225607287575,0.21922371643808622,0.0005042206661872886,0.0911621025541125,0.025533497662935268,0.013774286333774002,0.025430502006752946,0.029230597818744944,0.017419523067134665,0.033231713702364156,0.02078214874410931
AAATGGTCAATGTGCC-1,0.10684584357071684,0.007242313174661068,0.009878347304228464,0.07907427773757447,0.011205187792856538,0.006262854711090167,0.01606713732737827,0.0604604979986948,0.01442952259717495,0.017358603450526106,0.01301163426814955,0.061364729233876876,0.015991751920834973,0.013839748624354541,0.054552817927107276,0.04206486677906555,0.0027121826803402477,0.15539388777522803,0.0006247631729091329,0.13933649620019675,0.03634949358758187,0.007146218720558617,0.03489571763360073,0.014371106898015427,0.013276355980623744,0.04856019830373412,0.017683444628920894
AAATGTGGGTGCTCCT-1,0.07531305256726281,0.003985172052280991,0.0364318403666769,0.021139558454845577,0.006015527873835033,0.007505070545501298,0.01180299404699558,0.008862372776281907,0.049239174536594064,0.015220885435740896,0.023906257155077604,0.030208652295321218,0.012099498145295637,0.09609339124882227,0.013572983455198428,0.019946685485050946,0.02988727020254486,0.15811278852038602,0.0002356153876581865,0.191602285938344,0.04665228684835205,0.010447509667737265,0.045926566062411286,0.02507328647211343,0.0071081037339544425,0.03407685322394063,0.019534317501776716
AAATTAACGGGTAGCT-1,0.0849591187908339,0.0014539228835908412,0.01011071478336892,0.027873851177145744,0.011785689270007706,0.009084484473617442,0.01755692812243545,0.08982564590322671,0.013020096445726081,0.018197456122350637,0.011780337227486755,0.04727916203061105,0.011747358380896297,0.01276451930958629,0.016853196461017295,0.04237156974349583,0.00570158986079222,0.19801865887526668,0.0014274844065837854,0.14015652801905706,0.02620090370787926,0.056330527834407534,0.04058616382610568,0.01735174257201662,0.005826136007190618,0.040867508153881675,0.040868705611421904
AAATTACACGACTCTG-1,0.09343601524106915,0.02093755139625273,0.025843190344004098,0.03313780779766056,0.0019177206839690103,0.06758814120617271,0.01280081299624889,0.01336745781602585,0.011299488623648091,0.038169208045316316,0.012150356480901695,0.023234983608524412,0.040404082894261936,0.014093974917664388,0.054679172224628654,0.0353447088669474,0.0029872846877311214,0.12925243651725016,0.0001464336604493881,0.1138738341727255,0.05680417525087012,0.008445818021565759,0.020461652917191247,0.052698705909242916,0.03261528084672033,0.04136176068909972,0.04294794418385787
AAATTACCTATCGATG-1,0.11537635336571275,0.033268150326066157,0.015399612675920807,0.017518019487296813,0.00918812768859722,0.008054928573534815,0.012338544373572935,0.01024781848157247,0.010976767288132672,0.01983628311045091,0.01215573538000829,0.06229713745892275,0.016944520763171954,0.014522442404568531,0.061082883996431664,0.02714432696149081,0.0015272839166437506,0.1878920425521105,0.00022912803566968774,0.09969809499704108,0.05582236515755643,0.015255832778883514,0.09687958957972087,0.036528663918372214,0.02779596805099274,0.01388360189096348,0.018135776786594185
AAATTGATAGTCCTTT-1,0.07035736119409372,0.005530730738699532,0.1705127874787584,0.04097048274657972,0.0034810495743298918,0.012644837497355496,0.0168210967368568,0.017703448709382983,0.016400298953104492,0.025149981498612396,0.01871697637676901,0.02382020481384516,0.019359095654578735,0.022030027874391334,0.021530419071941642,0.023931756591269282,0.007102423651563991,0.25164083561368267,0.0005287888678497361,0.06652409604434746,0.02611066022449982,0.022308032481346357,0.0225840716363508,0.024930869256226805,0.018137671163374534,0.030589686029373616,0.020582309520815627
AAATTGCGGCGGTTCT-1,0.1239858074779543,0.05179229601218867,0.00857150883995162,0.011081699862240713,0.001327770653462427,0.17876069598305278,0.04382108833979224,0.0670474784773823,0.01287762103504359,0.010705057919342158,0.01841570718976127,0.02472290668326593,0.011165302884869117,0.015010019773758992,0.03567527322156716,0.01391310690213898,0.018158049373261903,0.1468584975852194,6.0446370821543255e-05,0.026885553415335797,0.040855892724854403,0.005408682793458443,0.01958715179339891,0.01690013103775059,0.02115750043440146,0.006905519970207127,0.0683492332455182
AAATTTACCGAAATCC-1,0.08305112167096423,0.007860130916522434,0.10103388174985974,0.022572677066026458,0.0027444245359786856,0.06275221177459166,0.012656222311275845,0.012176270596712562,0.010306425051582238,0.016950122952528682,0.011621307150785702,0.09588333909600157,0.012691254323507196,0.01573452874022422,0.014309515263433636,0.08272515890178078,0.00820984260022135,0.14718374727321282,0.0027918426438142073,0.07623037019413129,0.015123445319409122,0.007745310420099043,0.0348488166391341,0.015732995032225663,0.026160618728155362,0.0495760923858304,0.051328326661991025
AAATTTGCGGGTGTGG-1,0.08425471093849644,0.0057928075606291695,0.023041491898079018,0.24411134761647463,0.008680117592519234,0.013044163882500763,0.020166675278711133,0.018313908162473736,0.019965860613667282,0.021556492899118283,0.020440058012107003,0.024741004319131128,0.0224926746453589,0.029069660432344796,0.022169375590986425,0.02734751103841863,0.007360835591003514,0.13170129252621232,0.0006275697313086331,0.09360767835443617,0.023139384872937017,0.013369479725155203,0.026210425753135393,0.02811000775668755,0.013754109479312156,0.033681711832013,0.023249643896782468
AACAACTGGTAGTTGC-1,0.1528344494509989,0.0016202177206501604,0.012951780299896482,0.05971514417501223,0.013385258421048114,0.007360143342068825,0.010208666881921808,0.010595680307162935,0.010699160312483998,0.01681503253478557,0.011504686123864924,0.037425738383609894,0.013263132617460845,0.047038215780854625,0.021862377723961234,0.012391004179510438,0.0749169969317158,0.1273109185657926,0.0002060271084422121,0.18028614335802154,0.015204960730845743,0.006668726416920199,0.014241789440962903,0.060112199975848934,0.019486764892954984,0.0511383793774172,0.010756404945786916
AACAATACATTGTCGA-1,0.06562407602643326,0.0021731406690738133,0.014835623423335982,0.07184551261663978,0.0024885845188770653,0.022758616997740917,0.014017304683955628,0.011975396091608756,0.011087693900214343,0.033627967683594155,0.01842167902713452,0.05572164813599391,0.012245134112753185,0.021150222002868924,0.08333617229658562,0.0267845775273995,0.002516939055306854,0.1853696186990462,0.00011555627124394559,0.0846894699927491,0.01549466199943844,0.07538453302884364,0.02159572491807096,0.054797320030800206,0.006203815561745344,0.05216517443258722,0.03357383629595876
AACAATTACTCTACGC-1,0.08673487038022551,0.006287528017607405,0.012108976569274317,0.016147967577958427,0.0029443180785087837,0.016991049288675248,0.013554898450512365,0.014431357021902937,0.09334214557989304,0.01905150911115565,0.07073775488936554,0.018072204938689725,0.13649284029940675,0.021846220144353726,0.04440655529049817,0.04555306094421977,0.0209139699938036,0.12147878780709263,0.00042093780068750564,0.10034457456473968,0.03882111953918365,0.006446621753386461,0.014820041754698775,0.026035850432209743,0.006842649959439063,0.03144923234500582,0.013722957467505707
AACACGACTGTACTGA-1,0.08422655651241569,0.014983863002201241,0.07431947423672351,0.019781051193254122,0.010274180432356252,0.045152546451394625,0.01353124048997713,0.014246902370125337,0.012260427850100824,0.017618878650158057,0.01386771103143609,0.030070446149240357,0.03175032205741485,0.01911236934149958,0.047898264964875086,0.023591242696574068,0.008891677464642572,0.1810021872333077,0.0003337817387970471,0.16864411449508424,0.014587067806732789,0.011966339222871169,0.021232173575301855,0.038307824147077424,0.021121549918166723,0.03235295157187175,0.02887485539639994
AACACGAGACGCGGCC-1,0.06764854562586632,0.0019703183890839027,0.09284442915873502,0.027378111774751704,0.0016419834728444334,0.04436450391803826,0.0667741498625631,0.015862147436761353,0.017497753756213014,0.0181156565815178,0.01859067732197849,0.019373544167519352,0.020924682595827714,0.021311720364436522,0.02177528377871292,0.01801708380914286,0.002550322364676263,0.20865107185455947,0.00020537231755642977,0.12329262161706288,0.016283315061433375,0.030814853003821648,0.01797009538090588,0.03837422009765972,0.008973205720229582,0.05007777286203137,0.02871655770607062
AACACGCGGCCGCGAA-1,0.05992505777382336,0.002016277569753936,0.009244948418815783,0.026075392684667603,0.004018072602035494,0.012477688596904594,0.013548988907626972,0.011279038640645602,0.012540827623441027,0.015325425126175794,0.0310446684141884,0.08695078895509696,0.14171435391306117,0.021550291330080594,0.04581200821759862,0.0586446700263939,0.007255127342960432,0.23975525106313272,0.0002315439152430753,0.0899903836167677,0.010786765233977504,0.005898739955306561,0.03246210224670624,0.016216058891828197,0.006197545722814476,0.030330434130410734,0.00870754908054254
AACAGCTGTGTGGCAA-1,0.052277369214746745,0.013803342799414803,0.02918306500216003,0.06743502895035997,0.006544147694245488,0.043607572237592616,0.007812599193645527,0.007815015698954745,0.009552258554539372,0.03802760727115003,0.009272643247014415,0.08259381150651801,0.018595603583264328,0.012087857104973681,0.12600172512323893,0.023083818645266097,0.004606063400673969,0.17742076831390904,0.00024171509319258867,0.08617963010291861,0.035079737824903846,0.0423438391733046,0.012316684426301492,0.018840441769078956,0.005487580024997609,0.035915035539373995,0.03387503850426051
AACAGGAAATCGAATA-1,0.09358966189698459,0.015806917661424783,0.01618633029194156,0.0501259778882854,0.002080573310881186,0.07664135898179802,0.01426633436692726,0.01514258239017745,0.01391495262203551,0.019406554893695548,0.01695037674513715,0.017058823580623387,0.014622637206546104,0.027027097258039128,0.01758860122458654,0.030731250750808615,0.003999611772947323,0.1265362109454104,0.0054384255887084685,0.23239183729091922,0.021654897377324123,0.010120750245260567,0.025598772625095825,0.05585850552903546,0.029610465512994334,0.026929199586482048,0.02072129245593002
AACAGGATGGGCCGCG-1,0.06029542960667482,0.009497030684560618,0.021886830223489574,0.016684448927458007,0.017609338409511496,0.008610331891419786,0.014813590479971488,0.011714052502750887,0.07998746145109947,0.09966822681622867,0.01406030449089013,0.012481955351918471,0.012145913258616739,0.018213225840458643,0.016679816693322094,0.015093820533504918,0.006694072200257681,0.16056078611691732,0.0002530541004790821,0.20697849782639874,0.011510971651854376,0.008995444801351341,0.03969035511395322,0.04251319163124706,0.008085190797859066,0.047409421245129604,0.0378672373526767
AACATATCAACTGGTG-1,0.09353643595611268,0.014820412384042407,0.026003208049170588,0.023083126850583863,0.018351190154839638,0.008909453872344788,0.012171257558815181,0.013030001894155699,0.012067872763990337,0.01927939647647043,0.01207211187868615,0.07368668320065092,0.016004022653806495,0.014230271395654007,0.053435463178269575,0.02169722903117902,0.0038995236830627143,0.15186025659914912,0.0002445595441489561,0.12173235173164657,0.05295933209139306,0.013740092087101983,0.07808843175168553,0.052050112440886434,0.02775862171408328,0.024993943935349535,0.04029463712272107
AACATCGATACGTCTA-1,0.10907198343016197,0.017605761406774265,0.012219285940905794,0.041975944899260896,0.006385065536725871,0.007656922619582466,0.01232971060528405,0.011410118545002873,0.010828531077990701,0.01564135689611471,0.010363692966014105,0.05627785695111459,0.011182249445920273,0.01871045578528184,0.11347156869145772,0.04041218074560725,0.0032114940393301763,0.1767930973245266,0.00015214868132598964,0.06246739793923329,0.05687396274615737,0.007531181135709315,0.09099511708704658,0.02839918567551543,0.016947925040726175,0.015582795881699588,0.045503008905530114
AACATTGAAGTTGATC-1,0.049488328298294124,0.0014994440828302855,0.04613666768692262,0.012811551899898478,0.0063840995771715665,0.009872223984742372,0.014955600278761564,0.020983867519376004,0.0689141189663505,0.016247925249118392,0.040202195066231704,0.020706298860532185,0.12385054537406547,0.06813665812050426,0.01778434524937353,0.014038397095340618,0.026744137052232404,0.1122665029769149,0.00011737798098161544,0.11056947842876673,0.02377882469476901,0.02242269969642321,0.016397102157690822,0.09228132470584192,0.007066995054211564,0.04511404757798083,0.011229242364673315
AACATTGGTCAGCCGT-1,0.08493453223357211,0.003506059815550513,0.02056048388923913,0.018339527442998584,0.013769720425763205,0.1783228121524251,0.031084308043537432,0.055569517254105784,0.023294061957985758,0.020190186758502635,0.04812304610620511,0.022252603909465374,0.014955842055068877,0.03285930785144219,0.027407397900111177,0.0360021527642792,0.0032801206584337386,0.14629032615399815,0.00011677286743644552,0.05391990734851075,0.014600681864683038,0.011100007626754286,0.04596390570192307,0.02142238381275236,0.01194018780731407,0.03127786173106604,0.028916283866875888
AACCAAGACTTCTCTG-1,0.07746934631862519,0.012227831309724482,0.08672701372476917,0.0242124564529172,0.00871503841142133,0.01033421152562024,0.019985614337526467,0.01833458242312212,0.015583471671933477,0.017376615495340433,0.023153617415937352,0.038247605697507174,0.059542346540739366,0.030372506566230185,0.06598239786480703,0.018237885545453743,0.010009842719476228,0.11035305113207512,0.0004178150208880952,0.17935060109835385,0.014880138330869609,0.01134478482395679,0.035031663673940644,0.04761616946397137,0.010123072561229272,0.04012421081558424,0.014246109057979808
AACCAGTATCACTCTT-1,0.10489612381019635,0.0040837212529374915,0.03187605745512265,0.018417574785320898,0.0026379416493707195,0.011258438668941528,0.014153948499127655,0.012615668840315902,0.015613532841641093,0.07637315345980286,0.014923959006998522,0.025929999149863624,0.04250872745222666,0.05455387416195263,0.016584170730110065,0.05257360142926613,0.031839124177138765,0.16812493672171527,0.0002300769558883828,0.07473845552661805,0.020309702862935965,0.009445040664692013,0.026008583942261965,0.03885970124655481,0.03282998971546736,0.04591808207572497,0.052695812917807665
AACCATAGGGTTGAAC-1,0.08148568122510416,0.003244631795040733,0.012480437473298864,0.019682029376003926,0.010599840260127771,0.2432471643251399,0.02759748206212414,0.03583842583874422,0.05611920143080417,0.014195876805528107,0.021214469272991036,0.01627685206786683,0.014123568815640107,0.017800616533166416,0.011875979259915638,0.017419520347737985,0.008856180029005309,0.13023912542861393,0.00020889224997387758,0.04741639874074742,0.01810411532611605,0.010429928364286198,0.016454361584250458,0.038134889027717285,0.019613385422758093,0.03304734651446263,0.07429360042283474
AACCATGGGATCGCTA-1,0.08117431237158405,0.003580753638688705,0.009083518485160303,0.011982701638836557,0.004986055714384414,0.009108502723088755,0.014823371433597859,0.014578067584144212,0.09342474277926746,0.020545717850837957,0.04883650397435498,0.03374097236629664,0.07441155059565928,0.06867443648579083,0.02719870969889456,0.021590035295421414,0.018617584446861637,0.1464222628122012,0.00010754342988723377,0.11391232685109624,0.03330973012134218,0.011801376127478018,0.03133524792096553,0.038898339022055826,0.02006181660316899,0.02835615117141874,0.019437668857516438
AACCCAGAGACGGAGA-1,0.05614643351696855,0.0038992310232919395,0.012466612895184708,0.05420876958203835,0.011436396409209668,0.02696199863871617,0.010944690832847164,0.012386419112291117,0.035416479804079685,0.024823585370435313,0.016240939471052766,0.013660366478807971,0.05186867883637128,0.018873679275839453,0.09583627309911977,0.03470235924053237,0.0021628708174208423,0.14437513005773592,0.00022399792797447607,0.18974562549245,0.010689492333538176,0.025714717170252685,0.030634073522453193,0.022013514340403,0.018382534571547503,0.039256249769967194,0.03692888040947075
AACCCATCCCATGATC-1,0.04984957422197865,0.0076071353101081025,0.024099026388679314,0.02515066384069635,0.0040073938952915585,0.01418788762216446,0.042672988465317814,0.0267553787511931,0.07925661998042176,0.17239433513777763,0.022192501400143203,0.029651147736349498,0.025411208607121406,0.026801662520834466,0.03128491040867811,0.023265995939468685,0.0035520692117338884,0.11369270993504547,0.00041015685313145064,0.06715715185720769,0.05803475871406631,0.01182453524301319,0.020717449578092167,0.027423599022407343,0.00806568001018133,0.06584940636920422,0.01868405297969282
AACCCGACAACCCGTG-1,0.07916040591200346,0.0017304261409074513,0.08626547885901507,0.03542756056654485,0.004296161302162763,0.16438935288949938,0.022490625077058013,0.018472425335554876,0.01749146575877053,0.027937989241080024,0.01375651157015587,0.034897180359875664,0.01067761660066644,0.016544315297038294,0.011899882659027628,0.014869918788147278,0.004874885071645384,0.11946855899315215,0.00017353899246669053,0.07882884023967815,0.017524886819783664,0.013552745653389953,0.046670711303187555,0.019058111177694872,0.006032957252230335,0.0765697832577425,0.056937664881521154
AACCCTACTGTCAATA-1,0.08450152016217913,0.00435152235072852,0.01792060492811193,0.016132320448292124,0.00742741183120636,0.027110891112003568,0.021122530713451496,0.021076535528352133,0.01417194025848032,0.04587971222815879,0.03572972733063042,0.034884043278943275,0.024043206577701363,0.012646590257056034,0.03760660479885103,0.02538051850253947,0.0026450874686075347,0.16368320346898182,0.00024130860220268946,0.1297966459914737,0.07001432128005347,0.014349879021921029,0.026812599603357228,0.024540487949538295,0.019888208874514517,0.054737788223067144,0.0633047892095966
AACCCTGGTGGAACCA-1,0.07883584172170431,0.004092572417180681,0.11714373287480849,0.01382001594570709,0.010519600360242602,0.018050751781294,0.0723915978915636,0.012906589121960146,0.011224846257970938,0.019617004299993086,0.010923366769758006,0.015042386430461411,0.049908203988898905,0.01602505827952846,0.015982091761186822,0.014803713804805838,0.00236729975234923,0.15251494012522526,0.0005450051255213182,0.13367748018658707,0.02643048511914518,0.007488567658383168,0.04388227744545061,0.05931294059884711,0.010299806635543213,0.0463001936152098,0.035893630030673654
