6.756892340818785973e-05,3.427364369714459586e-03,1.426154975767565333e-04,1.761313113046091233e-04,8.655814106784374701e-05,1.812219627520655343e-04,1.094708511491193593e-04,9.003257706069424035e-05,1.221119975420075713e-04,4.311245402177732444e-01,1.481811238809875770e-04,1.348431996914423333e-04,9.911183805726171009e-05,7.675217104390340576e-05,6.265226923459355900e-05,2.847577072284168459e-04,2.157192165408547135e-01,8.821915199741972688e-05,3.421270781248798021e-01,5.150306058502362137e-03,8.232084166693194865e-05,3.854097153056843363e-04,1.135354083075046177e-04
1.666149761559288511e-01,6.385443936847569057e-01,9.453706722064683416e-05,1.169473933696109770e-04,8.616661098095596113e-05,1.395081587313273645e-04,8.339685244836939244e-05,9.413784579595689604e-05,1.184676283214146483e-04,4.934790775795048351e-02,1.041624927279199308e-04,1.010171592772053694e-04,7.068978925967950386e-05,7.610132550577402275e-05,7.733377886096179550e-05,1.919448367336189871e-04,5.770197927583846804e-05,1.596038922220542372e-04,1.428690431021117646e-01,9.565548642962519487e-05,7.781454147806370807e-04,9.600402370245782722e-05,8.215756360782534710e-05
5.349885116530719298e-01,6.847261389211852683e-05,7.342662707123719188e-05,7.865883899289390839e-05,6.175977706724522899e-05,8.298620208098292329e-05,9.294842381902693000e-05,4.736260066731729640e-02,7.900808821671531808e-05,6.184579212254979216e-05,7.277994080795377474e-05,8.490031136626220417e-05,5.363256174711817281e-05,6.074576020347748106e-05,4.810774654589764312e-05,6.138854888520950295e-05,4.340692447733143636e-05,6.134686336888168221e-05,4.692863648947671992e-05,4.157105313634372190e-01,5.821658718567295464e-05,4.775169044144904020e-05,7.000443813919070236e-04
6.055799778836703506e-01,9.871987796728401280e-05,9.475703748568339510e-05,1.036544278802558380e-04,8.228559792822697991e-05,1.200316332213278878e-04,1.348620446621814351e-01,8.912526958972341357e-05,1.131638362540317614e-04,9.508679274394167568e-05,1.074704681537025982e-04,1.149317465313869075e-04,7.023918634908721931e-05,8.155146500924175727e-05,6.577793643777854775e-05,3.508062737426322964e-04,7.391175800392436239e-05,8.488464781038783434e-05,2.559516032222257098e-01,1.423418192602303109e-03,8.462144379423440911e-05,1.074778851138802750e-04,2.444587553034243202e-04
9.237174296141285120e-05,1.728699684166300102e-04,1.422968058852555357e-04,1.647361344510895199e-04,9.917827728275866199e-05,1.748888499805444953e-04,1.451238188539902274e-01,1.150142276682181879e-04,1.562490264059508726e-04,2.273407024285001060e-04,1.459051713855295405e-04,1.286288995055840474e-04,9.709524813692483052e-05,1.007043389323948216e-04,8.004000774000843553e-05,1.040495965009707348e-03,4.753546830245209964e-01,1.156945297223993752e-04,2.054099591918265636e-04,1.113907599452422487e-04,1.035301244171609879e-04,3.759419682480892866e-01,1.056891339325159403e-04
7.985636156008237257e-05,1.131123627867806214e-04,1.259852213553614298e-04,1.338689035392883506e-04,1.090598986717599062e-04,1.581208588900606736e-04,1.956789300876659032e-01,1.248139869257171883e-04,1.587191786876413532e-04,7.670662687956228409e-03,1.256245366060397019e-04,1.240272321340136954e-04,1.195472473250321216e-01,5.327581530018417055e-01,8.040560141116187890e-05,1.292469711431451919e-04,1.067792110367163160e-04,1.420345070706530155e-01,2.001068930113775711e-04,1.171929633106918745e-04,2.134893929841809518e-04,8.550330778955954347e-05,1.245869450074065996e-04
1.337011526522519922e-01,7.179190603279111461e-05,7.927771318379304814e-05,1.111164621083314161e-04,6.820164906341100240e-05,1.515798126436362957e-04,6.252486410113855606e-05,7.613507925725687393e-05,9.859795020231517824e-05,8.715334189741560879e-05,1.006689782838724953e-04,3.970746506182376979e-04,5.399998048987881822e-05,4.790633362304358434e-02,4.938919136492682529e-05,6.261161067793565634e-05,5.218480129682143067e-05,8.163255092393253420e-01,5.746069023373093850e-05,1.019354823380152239e-04,1.679444996172372066e-04,1.244645376028651041e-04,9.289128436551048415e-05
1.656153090684677918e-04,2.274361718724645797e-04,2.569590168126608121e-01,2.371758722641393680e-04,1.835478411121889278e-04,2.173296503118818379e-04,1.679647430624640891e-01,1.598604439152837952e-04,1.857874282950224692e-04,1.467054261882812932e-04,1.533090715806620982e-04,1.112107723669566728e-01,1.114523009027140846e-04,8.860807337949029583e-02,2.672596873466200583e-03,1.243674941013938435e-04,9.880290326347003580e-05,3.695922632780287986e-01,1.085932024323079179e-04,1.321946397214188520e-04,4.560754820971029203e-04,1.132584168415801931e-04,1.710225729648771258e-04
8.290827427149943807e-02,9.779084681415307109e-05,4.042085318039660528e-03,1.262965057014838605e-04,8.254796549080113959e-05,1.343886025862728599e-04,8.417531598992582112e-05,1.250694673988624029e-04,1.906383222350899742e-01,1.673455572429402571e-02,9.254959880015178127e-05,2.864785330892853643e-02,7.073121898180818868e-05,1.061301699455886909e-04,2.114657435221362763e-02,7.500941330457928122e-05,4.956190238255896396e-05,6.056652302521275955e-02,6.253335790073027132e-05,5.142152826766709373e-01,7.906728792742756529e-02,5.916454497843358118e-05,8.672922503481677366e-04
7.065810972642820674e-05,1.005270149366497445e-04,9.769325584140309271e-01,1.238538729458316362e-04,9.140001146679279211e-05,1.315156716135741253e-04,8.595294260758425120e-05,1.132281849160930384e-04,1.201351585157751055e-04,8.940799011260593674e-05,1.058974987712179775e-04,9.885959945296110259e-05,9.383565668054282753e-05,8.326527458118882364e-05,7.171161056028976387e-05,8.962427767480261984e-05,6.166168188146926236e-05,1.458715988053223029e-04,2.106313174104003025e-02,8.995597590224742920e-05,7.887909450035024135e-05,7.271806398837065007e-05,8.535055528883314527e-05
6.530563835505454051e-01,1.766810457935560788e-04,1.675727535243461109e-04,1.665676934987722223e-04,1.615009974175497798e-04,1.641504251652657924e-04,1.185086502831836353e-04,1.463573045162566743e-04,1.755205799556099847e-04,1.677130381251303298e-04,1.659688312539017718e-01,1.754514996241991341e-04,1.155631176789509527e-04,1.307778353534833245e-04,9.340108829022313703e-05,1.538421248119867908e-04,1.175736355560079160e-01,2.534564413398499678e-04,1.156435093116225704e-04,3.317839381684880369e-04,6.031876705509387621e-02,1.124464951312960170e-04,1.554440464613610691e-04
8.822576906095628280e-01,1.122529793659115677e-01,2.374776983705270065e-04,1.219191295889956853e-04,8.321623233422394638e-05,1.060615688672396232e-04,1.100379699192302623e-04,1.146365994416193127e-04,9.938277891098557437e-05,7.528590171609538201e-05,1.045097646288507262e-04,8.890535438759263921e-05,8.161348086202796384e-05,8.723997544339094623e-05,6.345667726206721208e-05,1.049593491003980534e-04,1.073576811737055444e-04,7.503635148487135058e-05,1.119299924005708513e-04,8.293862802864556565e-05,3.470250692075117511e-03,7.651336540681678801e-05,8.660083312254637843e-05
3.526428579676049169e-01,1.031976534519716182e-04,1.480951528319951580e-04,1.787248356017730828e-04,1.576151335630122680e-04,2.324676238553299260e-04,1.133932784324015453e-01,1.109729348366528534e-01,1.576104699993463576e-04,1.020186465991597516e-04,1.077636067015375244e-04,1.735157374121099527e-04,9.714875687875549693e-05,9.726598440010485874e-05,7.944869165604984606e-05,1.041555809312908463e-04,6.038628009570517542e-05,3.704752157304465610e-01,7.659805022898231053e-05,1.104512476994980869e-02,1.340619608012725433e-04,3.923441417631007289e-02,2.260999216259115786e-04
6.652218202520309154e-01,1.181009788699943227e-04,9.006018122032530097e-04,8.152543036112121222e-02,5.464804575748524566e-03,2.127172071274500010e-04,1.201907248741916628e-04,1.797468587322679351e-04,2.055186221682768766e-01,9.955890977456891043e-05,1.136454096592831944e-04,1.194205771267508676e-04,9.731703654655312729e-05,1.095258981860617464e-04,1.027452932882547728e-04,3.996969989619436592e-04,8.477016428687851092e-05,9.268973327973020987e-05,3.911374557918709249e-02,9.788236890125009200e-05,9.076343720544410116e-05,1.038109190194515469e-04,1.123927355921556864e-04
7.203992903618987623e-05,1.933315746639762134e-01,4.193092254613078884e-01,1.223249916558680336e-04,8.891167548466976159e-05,1.403569668903441932e-04,8.493041682334667340e-05,8.956029951205003877e-05,2.394519734667020045e-04,3.688262277990439464e-04,3.385781212759662040e-01,9.838211298473977656e-05,6.518085230506943950e-05,7.554886758903444396e-05,5.592909915099278113e-05,8.592036754709845995e-05,1.605260120292264115e-04,1.190664590193239221e-04,6.620068725859718254e-05,7.972199406711205042e-05,4.662464416311348780e-02,6.149730306669192489e-05,8.205819995031885439e-05
2.608694140810012899e-02,3.076421473186481403e-01,5.626838851897695282e-01,1.216615319692699714e-04,9.394951700863325673e-05,1.368262477374805890e-04,1.231204230242295510e-04,1.081696126776163371e-04,1.471516569004281650e-04,7.264541006776184529e-02,1.375730173266148529e-04,9.431881444714934398e-05,2.895285253896067584e-02,9.365330723338286510e-05,7.108789566633473827e-05,1.489510185577188966e-04,6.765889848724415429e-05,1.321089799150008167e-04,7.798480759363007637e-05,9.199961908998282179e-05,1.101765864986825296e-04,1.453011006507429724e-04,8.707044197557329158e-05
1.356099296458511264e-04,3.656736924871843708e-02,1.205997788674149961e-04,4.965761147520966973e-04,7.590345993925600105e-05,5.842486702065664561e-01,8.727315964362510449e-05,1.292697871597878981e-04,2.562710121231610632e-04,1.287113608387484699e-04,2.342145177816732271e-04,9.643559878647642390e-05,8.429623998358277742e-05,7.617207590001065715e-05,5.684597240707913617e-05,1.251468572740211912e-04,1.053386792038694031e-04,1.211720545686787304e-01,2.381604803389405893e-04,8.845623877950312272e-05,7.733116123488979754e-02,1.780627919676303905e-01,8.267151009095085072e-05
5.784878675935675241e-05,3.881924108392662795e-05,8.513297689986134924e-05,7.430915057323775885e-01,4.278811652239120718e-05,1.952974025716262352e-03,3.870516412114892511e-05,8.745026675364308459e-05,2.541048567595500240e-01,3.644309966727962745e-05,4.612102015495530861e-05,4.404096762353459362e-05,3.113440823857436461e-05,3.403826804741563874e-05,2.821190056093016453e-05,3.466964568465950343e-05,2.555432853726495183e-05,4.173296060502235171e-05,2.694214156468629102e-05,5.053688848631953610e-05,3.269191162323616448e-05,2.774170641114242217e-05,4.005968301069383043e-05
1.022838396464890792e-04,8.326825718989273113e-05,6.841409636629317524e-03,1.724746846312422306e-04,2.490043420212344205e-01,2.284417902460574856e-01,9.594880803899463945e-05,9.460262182219472790e-05,1.105105873654244297e-04,3.417738466292074098e-04,3.413042946231662489e-01,1.211282886488139807e-04,6.653629905426850562e-05,7.368872735936227809e-05,5.606228433951093395e-05,7.700624117503289423e-05,5.247879346605657965e-05,1.034692573353918548e-04,6.010899617954146642e-05,6.571438089527273374e-02,1.049059496333837743e-01,1.980640319512587486e-03,1.958510918618711159e-04
8.783951779687447980e-05,1.145061950174552462e-04,1.496616852353011614e-04,1.135092482243519191e-01,1.912405292225112796e-01,2.244858836859707691e-04,6.790484915898684082e-02,1.164662140963358537e-04,1.657312571226727789e-04,5.326699742170233343e-01,2.219846049076586527e-04,1.870249487177628143e-04,9.526645824832096811e-05,9.224582810942612288e-02,9.682989746544918305e-05,1.072146254197937741e-04,6.699887988167593995e-05,1.591410194548401231e-04,8.408102272961827384e-05,1.121981994008888116e-04,2.401208475394508914e-04,8.306711505561494729e-05,1.169526959248983031e-04
4.659462813170468960e-03,1.300211959561734822e-04,1.085582401963477300e-02,2.352953354647583240e-04,1.292029276853438543e-04,2.209729907356681718e-04,1.677134795007388364e-04,1.956912940712976208e-04,5.381199162414525977e-04,4.944208470654821164e-01,1.219487420812612053e-04,2.548858921570780283e-04,2.362394085218021966e-01,1.197675462452443433e-04,1.000006952423889735e-04,1.111739597277954189e-04,7.561743388647579778e-05,2.505289720975296119e-01,8.389843585799891903e-05,4.296654724148296135e-04,1.199883157714296380e-04,8.905443143981111459e-05,1.724674179011268849e-04
8.358239997386858759e-05,2.770071607667992653e-01,1.121204225990141633e-04,1.684216703341729487e-02,2.225127986461721311e-04,2.955491267233351527e-04,3.930569412640891880e-01,3.828724709624690861e-04,1.721628564809805754e-04,1.028708036073981778e-04,7.110993540774633581e-02,1.632989290425220657e-04,8.886130315985396599e-05,1.639362056484034227e-02,7.305106983643738783e-02,1.340511076083193143e-01,8.858940737953559740e-05,1.083518123594081017e-04,1.040643791597366870e-04,1.625272744300977970e-02,9.415200567039000911e-05,1.148522317442662372e-04,1.014291278322121897e-04
9.812245957822651526e-05,1.093379230118625932e-04,2.147263597509494794e-04,3.368811868701425448e-04,1.721678833587630432e-04,4.138732900712648738e-02,1.294632294044008314e-01,2.228336741330526338e-01,1.582936962048474045e-04,9.343018858286283163e-05,1.209357322508232023e-04,9.562199361368621531e-02,8.203426767681178111e-05,1.014226071941938426e-04,4.230700451898848635e-02,8.577661445730511895e-05,5.820288371891722671e-05,8.598846356497787113e-02,6.591590943296603570e-05,1.677154712984337405e-04,3.803180197253561712e-01,6.591708844654938654e-05,1.494057605777090732e-04
9.154890434309613447e-05,9.648921433832396250e-05,1.042365891627417907e-03,2.928526119458900326e-04,7.910341701651892876e-01,3.573624072908802851e-02,1.215091311765227750e-01,2.486047820420238382e-04,1.358859608072668140e-04,2.568700464791481928e-04,1.314853812156221448e-04,4.818731860829897351e-02,8.783411821887670418e-05,7.518155729367680671e-05,8.318807053887011826e-05,8.188981148043279149e-05,6.753059183430702489e-05,9.683561399667345423e-05,6.175632467408551877e-05,3.318650343511838252e-04,8.441094605182233054e-05,6.469419380230435153e-05,2.018502658598611717e-04
4.426253332039387361e-05,5.785240939008808107e-05,7.024246876803865076e-05,5.310516622966893283e-04,1.118058380063949666e-04,5.315541135687978924e-01,4.262552749077667125e-01,4.048335917411838986e-02,9.226805025091983103e-05,5.491093436102175535e-05,1.221368858928104551e-04,7.334140327865477503e-05,4.706700659407639489e-05,5.112726403282702860e-05,4.022674797082067405e-05,4.875281518803936226e-05,3.534098028215550884e-05,7.424821597361830046e-05,4.034074610391369435e-05,6.105613227092601637e-05,5.438287492879606143e-05,4.056124211845577764e-05,5.627613828853635119e-05
9.286138848343547525e-02,3.969028187372366373e-02,9.725276868866818863e-05,1.891213768630535888e-04,4.536988171179677357e-04,1.298437276071900308e-04,1.240882333049822485e-04,7.008870646693377005e-01,1.266119777564495604e-04,8.341987209802374239e-05,9.910551030347926295e-05,1.487249968040547249e-04,7.769474259229438326e-05,9.132294047129509715e-05,7.987482158938409571e-02,1.152822877692076178e-04,4.248282607130343669e-02,8.351720146500820295e-05,7.172904914631430076e-05,4.203297836199823556e-02,9.480661632690915916e-05,7.742368491334646378e-05,1.069951475893245386e-04
6.016934564949835516e-05,7.179452410527969433e-05,7.924919785860841674e-05,8.656344983134155961e-05,8.399907862095843736e-05,9.305748458808518113e-05,6.123439978779922344e-05,1.204669519793877437e-04,8.679610253743706477e-05,6.102868510778632451e-05,8.139799824408586941e-05,7.234437074855160727e-05,1.643135346172884515e-04,6.385507894715101280e-05,7.911119893629810760e-05,9.981211659788997714e-01,5.220725811506323491e-05,7.460085816484996997e-05,1.631853791154436726e-04,6.739480019156472799e-05,1.179330238150252394e-04,7.368147340540531884e-05,6.444982673303444065e-05
1.128934484334218432e-04,1.417326797174625630e-04,1.500184039668143988e-04,2.187055684209880668e-01,1.267427132249875066e-04,7.807215510170897660e-04,1.090061746895738953e-01,1.967214390485863757e-04,2.350702324242542245e-04,1.196500987293367259e-04,1.361061507603643307e-04,1.591535249318877109e-04,1.052951498026642653e-04,1.468945800337767397e-04,8.814021527157489164e-05,4.394977825088435940e-04,8.541738714327830394e-05,2.753785451933401379e-02,1.540286927069720610e-04,1.459695540166942212e-03,1.510319286155856428e-04,6.398020719699206715e-01,1.595188816794592182e-04
7.050629871977818065e-05,5.697098631263494695e-02,3.961674717177048857e-04,5.828081905426680809e-01,1.021087994988462827e-04,1.144398865580485383e-04,3.103612218068756493e-02,7.606598796948113898e-05,9.296141250254661293e-05,9.717059655983658402e-05,1.016587191152653496e-04,3.545348012034826510e-03,6.330660158079642853e-05,8.674813231171756185e-05,6.279309548349153581e-05,1.095681005080082257e-04,7.107797319882379870e-05,1.674968378185790504e-04,1.576402344306939481e-04,8.614694924733297095e-05,1.201013310635781978e-04,1.493356604571528246e-01,1.743277340665370934e-01
1.084901640641266097e-04,2.870102555889040771e-04,3.844362924757819731e-04,4.432109849515469269e-01,2.359425654342082969e-04,2.153858266711679737e-04,1.126272330205012849e-02,1.822161271858960567e-04,1.896950511478639719e-04,1.337379431399720556e-04,1.623995192899152962e-04,1.679769656904157545e-04,1.536450237199793196e-04,1.239324722047697709e-04,5.141781253034805044e-02,1.480657536898957445e-04,9.736968791862723647e-05,1.755112730209017480e-01,1.224179011557516988e-01,1.592269001229672340e-04,1.931831972590718483e-01,9.993291434332219779e-05,1.466443176418017239e-04
6.467807030234212003e-05,1.090197363170336385e-04,7.190063595452787564e-05,1.700049965255811776e-04,5.478335429648314325e-05,8.957498976734735718e-01,6.285966887939849939e-05,5.741092926065322267e-05,9.855609001444497717e-05,1.180026193624453745e-03,7.518795952375389210e-05,7.643537055254423810e-05,4.691615513922974651e-05,5.650459735090202585e-05,3.702548826008223928e-05,6.189366491655016252e-05,5.070829482297040201e-05,6.012491858110216282e-05,5.469974454006345816e-05,6.429761332811112908e-05,1.016729327964783075e-01,4.928973603915034584e-05,7.484631181862045225e-05
8.921974296645174621e-03,4.420870343128371210e-02,1.725337844723085336e-04,3.718545597396412145e-04,1.870273669816122097e-04,2.909067054178193223e-01,2.147483838012666582e-04,2.866790100421626555e-04,6.477104143815242288e-04,1.977638459462096321e-01,6.323368955692387208e-04,1.186321450864165800e-04,8.018213614326870895e-05,9.765071429716743693e-05,6.843735168531961486e-05,1.059997721763466941e-04,5.964850260229982151e-05,1.053551684628623497e-04,7.350781702526458148e-05,9.378490726735144722e-02,3.609115290887924266e-01,1.228232885668860571e-04,1.572072408646868664e-04
7.162730470224238418e-05,7.583443751965309506e-05,1.148783179339394499e-04,5.578733719090160914e-01,2.202876849291381944e-01,1.780884601878588141e-04,1.091669827606115962e-04,9.043553361138273873e-05,9.670039864213292736e-05,8.260636422489681281e-05,1.803121686903618273e-04,1.114345448682001367e-04,7.058603655679801243e-05,1.390510304873922678e-04,1.096990541489626113e-04,6.804114790053979157e-05,4.732266289580410433e-05,8.405840605820131888e-05,7.806027681226678796e-05,1.934321603539627954e-02,2.002602524978400744e-01,5.143464177412570030e-05,4.761368588339067115e-04
1.767005792499082850e-01,9.066641972138399360e-05,2.948386472898325561e-01,5.593104833685635284e-04,8.219431173470244324e-05,3.491091639811043645e-01,3.151766809843447453e-02,2.009872031321776557e-04,2.929704558163644199e-03,6.228313312002521336e-04,1.366485308625948602e-04,1.707316421225403634e-04,8.052612693031073888e-05,7.412941157761576032e-05,6.651612136616783259e-05,8.112700507256150907e-05,1.300622167191080346e-04,1.159122850941354441e-04,6.537694609451785190e-05,5.615708300103971345e-02,9.721438476570819426e-05,8.549673812410314895e-05,8.608742266363049456e-02
9.972007094891608152e-05,1.297071967189072060e-04,4.598832460958702053e-04,2.827005505459127734e-04,1.330882653553591428e-04,1.512759664654021730e-03,1.571890192970611978e-04,5.773008585653690737e-04,7.203430146103795284e-01,2.536966482398715361e-01,2.097355545933142083e-04,1.465118634681101032e-04,9.863207085869610822e-05,9.508930052646238245e-05,7.712410470950608265e-05,1.266495842858504151e-04,7.668061297947776852e-05,1.394517298379192025e-04,9.507043052512151706e-05,1.218504096241592387e-04,4.898263287730803515e-03,1.639838198860366081e-02,1.245473398242062624e-04
8.425881190488291618e-05,9.801599230376066129e-05,1.106439805314533180e-04,6.228797353512764701e-02,1.787673539851889204e-01,2.806282436782528661e-04,3.667807519746077438e-01,2.060819569383822347e-04,1.725303428665334808e-04,2.316413382752338102e-01,4.630324089127565990e-02,1.041178127980937559e-04,7.391712257947497607e-05,8.076259745225530882e-05,1.410334501777131544e-02,7.744395337200323383e-05,5.807865735191372841e-05,1.010205147181758963e-04,6.439539233847549218e-05,2.005835741681951528e-02,7.361507652657572898e-02,6.427169958434831871e-05,4.866395298981664869e-03
6.471566895527746299e-05,8.596312686528892108e-05,1.151153839760753802e-04,1.459896476914414559e-04,5.210737706096044697e-01,2.062587706751373303e-04,1.327330624398494197e-01,1.354391769053869344e-04,1.515642647413436488e-04,1.000401492627436134e-01,1.415942767631339627e-04,1.650252258702164510e-04,6.865137273207903780e-05,2.220937336810667184e-01,2.214548313867490542e-02,8.985173887743277976e-05,5.916372839151321818e-05,9.570848075443182806e-05,6.261888319517110700e-05,9.374321803144992319e-05,8.783447975742526056e-05,6.080250643393189815e-05,8.376091744402440790e-05
5.436263362803481214e-02,6.327308971719289201e-05,7.154121773793783979e-05,3.658556419504437746e-02,7.394297907346264833e-05,7.422905493345275385e-01,7.108833362960229204e-05,9.284182807501165091e-03,9.973716883585879739e-05,6.494110227677874858e-05,2.214395983204870896e-03,7.386117615832030160e-05,5.107337463396184341e-05,6.833700901751602920e-05,5.150634545133805166e-05,5.882975233121657318e-05,3.949277699960658994e-05,5.277331701337649450e-02,5.456082901017903256e-05,6.881112214309909058e-05,1.014537985163106448e-01,4.991954749791781883e-05,7.464269748606239057e-05
6.542204905806321691e-02,8.149037328707462542e-05,8.872807193736078040e-05,1.004779244680426931e-04,5.706319933466532657e-01,1.063876938347791101e-04,1.598979113232185667e-01,5.013136669261983791e-04,1.219205548448824394e-04,4.202922908260357869e-04,1.102190161507695201e-04,9.582942839972487248e-02,6.508282671292500319e-05,6.444307558322674712e-02,3.124569726361998631e-02,2.886873750923335861e-04,5.902252687656636768e-05,1.231566652171612740e-04,6.912589571235487260e-05,1.022079506393700990e-04,1.147003629677434362e-04,6.514779938676540524e-05,1.011188403061291825e-02
3.038517666735834899e-02,6.470239147296205640e-02,1.225412320208733711e-04,2.917277064599390068e-01,2.843733940242051733e-04,1.639540511617050000e-01,2.809126323379420795e-02,1.076890570382634839e-03,6.208382407382018187e-02,8.212602421643245437e-05,3.397733759105117102e-01,1.004719212522331033e-04,6.179566669362538268e-05,7.693055855652722633e-05,1.680023071970234913e-02,7.045202998807187649e-05,5.702626967726028543e-05,1.837562386135937890e-04,5.727678048073663123e-05,9.380155599713557127e-05,8.025986714811425148e-05,5.242712968721255243e-05,8.185106146880026415e-05
9.469560657046647634e-05,1.231636016651622447e-04,1.841230002931726062e-01,1.855341634373482661e-04,1.544745648886595697e-04,1.794242299990537332e-04,6.411700946540063173e-01,1.880875142419514610e-04,1.744511104139196257e-04,1.055167695251889564e-04,1.394906095378895710e-04,1.425103709945866031e-04,1.039388348264663314e-04,1.133218791303681751e-04,7.629524051868924841e-05,1.102251355565830578e-04,7.006634276006377016e-05,1.207787194302050268e-04,4.937484945945391085e-02,1.069777646110342800e-04,1.229653879318793469e-01,7.755910330555320612e-05,1.001561000746750360e-04
2.670694125857451780e-04,8.732126888560740984e-05,2.226689521534412728e-04,2.312177081578043749e-04,9.186104559597316893e-03,4.755436319007140295e-04,1.065770231680532028e-04,9.053174775955760624e-05,1.681208956349033556e-04,1.445740547354209815e-01,1.753166828099277260e-04,2.322210906395428393e-04,6.885117028069250922e-05,7.958233102843309710e-05,6.066234962070454192e-05,7.154600952207686181e-05,5.331251902285584937e-05,7.892824105481072931e-05,8.029338081614731859e-05,8.415962338522827713e-01,4.437267102823474509e-04,6.207492034670207678e-05,1.588040807028820705e-03
1.149298422023813858e-04,1.440401457089718062e-01,2.349491316457295031e-01,5.874634615235864166e-01,1.967560283615963843e-02,1.590860227183276136e-04,1.472075778627582158e-04,1.431005885813726140e-04,1.293756228438418916e-04,8.244875473532841390e-05,1.142966128612699978e-04,1.496026234184601742e-04,7.259082390993828874e-05,1.044206602044144732e-04,7.060549000667428029e-05,9.121676154358982847e-05,5.582630439621657673e-05,7.823760372587153103e-05,5.983427287841322159e-05,1.041304529588447155e-04,1.200983762675000149e-02,6.557775537668974564e-05,1.193328885783991088e-04
5.665530632533057184e-05,8.229688856070270422e-05,1.310684376244566646e-04,1.607893936652685367e-04,1.467313124086763092e-04,4.340856787222919788e-01,1.284472105076140379e-04,1.206391298302032507e-04,4.182615950777355818e-01,1.160242951836660971e-04,1.473467116367402178e-02,1.735897963617246895e-02,7.324998851185424327e-05,7.051232437739128579e-05,1.778147989221688879e-04,8.357825051364474564e-05,5.714793381238687288e-05,8.460276540131998887e-05,1.135670545086663458e-01,1.471145977648630817e-04,7.293898387813522555e-05,1.813607788136448260e-04,1.010484953581078301e-04
2.982116634658644365e-04,7.435939198373839321e-02,5.982092256330006075e-01,3.269057532555607920e-04,4.705632352050454631e-02,3.998880146623054314e-04,1.013250085634850140e-04,2.344431837892812706e-04,2.219665856360992487e-04,2.206611345169298410e-01,1.975862630849769554e-04,4.332572265049718097e-02,1.030700627667112493e-04,1.087684841832528711e-04,4.696147659716584655e-03,1.558697148912614988e-04,1.281643194327931521e-04,1.986770600546121303e-04,1.497977623066581348e-04,4.302914318121383642e-04,1.831869603012825892e-04,1.208206736906744663e-04,8.333081093715869261e-03
2.586974533277309196e-01,9.211562324826490862e-05,1.312870631724720059e-04,2.319001435800878679e-03,9.897300138472149588e-05,1.327540405287110370e-01,1.014322313575399787e-04,1.915206515150518786e-04,1.381363705576030417e-04,1.690982280812459873e-04,1.087257638053531399e-04,1.939534222838079018e-04,7.543775205703321524e-05,1.142992937085065695e-04,8.246998832691597979e-05,8.420290833566391889e-05,5.713269210782486232e-05,1.942648005271344624e-01,6.318643490777946855e-05,1.122521013056801349e-04,4.099243700280299496e-01,6.465653270675373470e-05,1.614540937306518237e-04
1.510784926256153182e-01,8.423149211671856476e-05,3.109181935430422872e-01,1.288209435722097521e-03,1.336175740557729065e-04,4.759482242742937852e-02,3.480501292586726976e-04,1.047893800970923665e-04,3.916938551957095949e-01,1.058709456208887362e-04,1.522063712140676764e-04,9.596147223650207099e-05,6.116400314106366161e-05,9.995046913125476163e-05,9.987656513646846928e-05,6.333444639390625546e-05,4.587384450620935410e-05,9.565164921697547062e-02,5.147398941227255040e-05,7.293631065536905836e-05,1.216453220015399254e-04,5.097632132786113023e-05,8.281891920006947299e-05
1.177276664116261654e-04,1.317897648443799364e-04,4.515146031840048331e-04,3.665154382636859332e-01,1.041242269266132777e-04,2.581619427060666077e-04,1.461499450952572776e-01,1.298755976743009460e-04,1.666595270248780213e-04,2.690780929674595374e-04,1.798813743406302247e-04,2.041523790486818801e-04,1.882105425281293820e-01,1.892120864758535526e-02,1.473627369312560838e-02,1.462493002610392194e-04,1.118530814535481817e-02,2.290501488437420030e-04,5.432399458324429359e-02,1.791241434800279768e-04,1.969289105030413989e-01,1.215015066884760352e-04,3.394882661741223883e-04
1.964563489720233189e-02,7.956947482498179290e-05,1.013257933476539250e-04,4.672232662421248461e-01,4.945727500466245430e-01,2.727675978336186412e-04,6.659297126146715635e-05,9.791102671686577167e-05,1.414278494180158912e-04,1.458779165364074842e-02,2.291074181928795094e-03,9.827650025852428112e-05,6.797807137772948381e-05,7.083312448234336937e-05,6.373325388863577674e-05,8.665819658724731778e-05,4.775315054620929634e-05,8.590928159513087372e-05,5.406580674205687748e-05,1.351170291519600080e-04,6.901864592715712082e-05,5.522428598440533824e-05,8.532091853472410098e-05
9.325098146844379248e-05,7.741659299044958249e-05,1.679645366812214564e-04,6.023612374128030078e-01,3.300341800126876252e-02,1.010917469014691455e-01,1.427816339835030117e-04,5.472392623158518028e-04,1.467863351963235652e-04,7.112498991916402073e-05,2.120962288563489062e-01,1.195398447926419774e-04,6.331764916172042182e-05,6.575808649463129804e-05,5.893529804436179804e-05,7.058092036167363777e-05,4.204569138911367314e-05,7.329846576820166497e-05,5.062222896894525537e-05,4.861668644552355478e-02,6.701527096928152607e-05,1.446160301871258558e-04,8.283885638939754567e-04
1.224180356113658316e-04,2.554927200939228690e-02,7.292028668959918425e-05,7.072557688557074571e-04,6.539212514983205307e-05,7.313790956543813060e-01,1.990655277416666091e-01,1.599009612240630566e-04,8.481726888508270843e-05,5.780048631384278145e-05,3.912320959921059688e-02,6.359715426924556576e-05,2.984001183757140595e-03,5.696648651758108757e-05,4.195080658599453143e-05,7.243640866389961810e-05,6.440192932102492811e-05,5.377536317358544914e-05,6.290951172135519410e-05,5.989997932307865590e-05,5.450166198097913285e-05,4.245176886596683548e-05,5.549780843993489036e-05
4.041421289989574617e-01,1.299312106664740521e-04,1.723121236688936609e-04,7.294328797904024416e-04,1.211382627282009075e-04,2.115304640798820832e-04,7.674257403948080147e-02,1.699628702443068025e-04,2.455043229397554081e-04,9.974339084276505341e-02,3.166197344953821302e-04,1.345964071209645823e-04,9.419049999737904850e-05,1.393570396327654406e-04,9.397360000544348530e-05,1.249870963417013415e-04,7.232615870896080747e-05,1.089732353159527875e-04,8.891818433230157053e-05,2.788033143507268607e-01,1.459949786095190343e-04,1.372932344789171422e-01,1.756082204744392457e-04
1.196389060422201815e-04,9.883623081200999447e-05,1.535544346081314663e-04,3.618015313790092641e-02,8.380117344650906037e-05,1.749790353686361268e-04,7.817178635673860268e-05,1.966898842676123027e-01,5.147899570409291249e-04,7.771615424136983836e-05,9.639289712652921425e-05,1.498248085139730374e-04,7.009829905115478959e-05,6.794954202126914512e-05,6.877936142067472836e-02,9.353370632219737239e-05,1.495282675422990445e-03,6.946230424007522330e-01,8.352785438642359084e-05,1.194535874128225899e-04,7.752409297324258782e-05,7.396763918769755418e-05,9.851599272491277318e-05
9.460398880132345602e-05,9.150925541415652078e-05,2.304847936040377021e-01,1.693074026927445170e-04,9.904110606536469148e-05,8.351469793928315271e-04,8.979942527258534882e-03,2.447522559085103019e-04,6.234705586357698615e-03,7.680867616723769352e-05,1.141345016133450604e-04,1.106338604374432287e-04,6.377963575833101744e-05,7.187601505783780369e-05,6.092648109062619790e-05,7.177372187173356409e-05,4.818492126776350388e-05,6.086836014056689059e-01,5.659173814857447097e-05,1.626442307052059801e-04,1.213468952596739592e-01,5.515536711820425439e-05,2.184319147949202386e-02
9.841964779598331233e-05,7.490376738697786675e-05,8.385640701442382400e-05,1.229832825677433311e-04,3.118838961561529698e-04,1.324027705204802621e-04,2.082147202879988646e-04,4.395140771984512029e-01,9.993132611300822301e-05,7.026641388619465250e-05,8.891855700463130690e-05,2.559362757104571883e-04,2.148259192553975822e-02,6.369272248276817766e-05,6.184666571218468156e-05,6.431465168218784910e-05,4.791981674302459796e-05,5.368603476315141343e-01,5.186211096487179824e-05,8.754426841177331776e-05,8.053504240015191219e-05,5.846951584256610294e-05,7.908138581110055307e-05
5.304380536403362786e-05,2.252026205697709726e-01,1.785748173175667091e-04,9.531459629308310967e-05,1.473066706617645290e-04,1.268310822483674244e-04,8.471030244810556775e-02,4.810612509735665704e-02,6.010666899980027233e-01,4.480109930670897467e-03,9.378387901526299595e-05,7.439233935916673545e-04,7.975932965480831327e-05,5.837137835536697177e-03,2.477392335276327995e-04,7.299702444791745137e-05,4.841982606527660553e-05,2.833397142688252532e-02,5.485878407005820371e-05,8.313306943818639361e-05,8.961535617641971279e-05,5.485179527382057994e-05,9.289003052799660743e-05
8.209569738553024350e-05,1.202976553085021951e-04,2.178658027228501338e-04,1.898250044736679294e-04,8.858038771340838169e-01,1.705432650955779187e-04,2.069914416528192535e-04,1.540196561630799291e-04,1.599725298039862513e-04,1.727125161175747264e-04,1.147333295687065681e-04,1.078731154028069773e-02,1.047410993541151371e-04,1.628829123231744619e-04,1.011631300627300565e-04,1.050487604003196159e-04,7.100159331585963857e-05,6.226807021103405310e-02,8.270264174542749167e-05,1.880656545904482615e-04,1.547131696722252791e-04,8.227814841749454930e-05,3.849908710642717391e-02
1.949659322701861126e-04,2.941277170706917826e-02,3.339746402954902509e-04,1.526800176354806767e-04,7.924105965869869539e-02,1.653972401179321994e-04,1.152512076468813635e-04,1.357619005975335366e-04,1.509708635962850592e-04,1.219569519597807350e-01,2.273455742922780298e-01,1.592707384517211971e-04,1.178485684873538852e-04,1.719626753706585964e-01,4.231999092515142751e-04,1.412965718598667626e-04,7.692758098224511865e-05,2.552592804910220410e-04,1.124308734860718633e-04,1.433184994556566279e-04,3.433823800843109342e-01,2.387517460996864058e-02,1.448584926099193962e-04
1.403112337488246638e-04,1.209401759846726531e-04,6.390180914711648952e-02,1.557992813448854351e-04,7.087763729983841783e-04,2.185666942537264554e-02,6.547344215651626498e-02,4.973560850245849485e-01,2.866957026440374143e-04,1.097203320447421383e-04,1.099408876326474997e-04,1.457355952078492618e-04,1.424202295584194901e-02,1.204197778890593194e-04,7.158095354274305862e-05,1.066918213982089025e-04,6.458164856132463767e-05,3.990493012409093406e-04,7.076867459433168678e-05,8.364396583998847182e-03,3.260019876535604211e-01,7.255904073527823619e-05,1.200162534405450237e-04
1.173611869059192764e-02,1.019115312450995540e-04,1.144423802279860997e-04,7.153156509887103054e-01,7.265991356044257388e-02,4.606100932396412374e-04,2.543851429123513168e-04,1.525467522078307583e-04,1.424349640602906217e-04,1.547163650356995037e-04,1.292101333625772118e-04,5.049486864786676549e-02,1.676293576214188917e-04,5.569131797235366433e-04,9.030442259546662964e-02,1.050641317638366536e-04,1.137613397574114248e-02,1.293083867730863935e-04,7.337211171481143471e-05,4.106167374553893606e-02,4.260783776518958267e-03,8.003348284579619391e-05,1.678560063887204719e-04
2.031980257111564315e-03,8.550365349317027382e-05,1.167252549375346754e-01,1.472671425542053207e-02,1.395302995753743415e-04,1.912476371047766978e-04,1.567627655350574520e-04,3.593217605039566304e-02,1.988578536990396606e-01,8.049513193460207220e-05,9.866549216294232265e-05,1.474084801896324100e-04,7.167485394653065351e-05,6.758366988010016817e-05,6.707019797681118035e-05,7.970801991090402416e-05,5.224209445111872548e-05,8.060099606830240448e-05,6.192731465482325249e-05,6.296737862633492444e-01,6.757183286466485618e-05,8.203544846312877097e-05,5.222066489367776804e-04
8.268993771277756487e-05,7.520302099005085616e-02,1.400402558428756334e-04,1.371694825615052686e-04,1.604997187749696297e-01,1.533671984379156869e-04,1.132349118660648280e-04,6.561889314729944800e-02,1.458158930036882340e-04,1.047785833383806434e-04,1.194934017389129045e-04,1.242503186349964428e-01,1.093273900212343085e-04,9.800689369637239560e-05,7.848347675978203084e-05,1.677332321349713081e-04,8.197043362495735517e-05,1.321952127288738288e-01,1.707360605869773229e-01,1.895287944868336136e-04,2.695335817851902682e-01,9.708542706194403212e-05,1.444680393540918710e-04
9.092003095873800466e-05,9.331793902239348076e-05,1.260785537632744908e-03,4.703667472601977262e-01,1.195329855475959054e-04,2.158957193646128460e-04,1.962778184737330072e-04,2.950933598916536948e-01,2.780145291224092076e-03,7.490730774416759854e-05,3.074247177489865604e-02,1.387234369745934115e-01,6.279917969463538513e-05,9.475122404010363623e-05,1.373647812822710243e-02,7.739427031113791885e-05,9.220232157186408067e-03,2.566599011002151237e-02,6.117305571682364336e-05,8.076441748442852574e-05,1.110263393334848768e-02,5.965377768611495446e-05,8.033121497180966807e-05
1.080762247227142598e-04,1.144503779220040925e-04,2.056586796712299979e-04,1.521240014795997020e-01,2.124112345332121292e-04,3.651191858217627201e-04,1.408801227366195952e-01,2.019180572540775508e-04,2.071182350280836154e-04,1.780596209378337291e-01,1.229242445702792346e-04,2.885994638770896870e-04,9.560866707585516280e-05,1.358946140750208779e-04,7.422386914693347162e-05,3.974410424923827730e-04,7.200417638983367167e-05,4.698447388509503081e-02,2.844085281496631645e-01,1.684660048200144200e-01,2.612405337294834012e-02,1.297722003552762916e-04,2.219743452902613349e-04
6.093856638576948027e-05,8.320171602722006485e-05,3.552829983561226574e-04,9.249531523514371578e-01,8.877205263328971792e-05,1.660827124398790234e-04,7.824501151729615724e-05,3.804345499238821066e-03,1.345062500575382365e-04,7.479250813228917316e-05,8.502583565198956132e-05,8.223207746237174386e-05,6.594110548545626435e-05,7.533104406498443678e-05,3.822955167913590080e-02,1.134654953405348914e-04,7.877816006916789186e-05,9.065105779736243297e-05,3.103323068122779485e-02,7.728307694402114004e-05,6.380005640241818282e-05,1.285933853748577106e-04,7.679667881759584449e-05
9.403235792231520729e-02,4.159249739137508839e-01,3.017635828923933465e-04,1.928323615019018856e-04,2.594601401013570422e-04,2.222509574458386575e-04,1.808391011378466813e-04,1.131493411776629404e-01,2.579990965797900851e-04,8.326604779181229210e-02,1.778649891399881140e-04,1.812160549942131160e-01,1.278177206678578681e-04,1.054321712817820125e-02,2.204142495232376509e-04,1.609404823427768993e-04,1.222375977433490691e-04,9.899823725216570780e-02,1.362503236783824145e-04,1.396300370111122906e-04,1.242861175357821415e-04,1.049923659737416956e-04,1.401906966264455457e-04
4.432567784334744446e-05,6.296791370953898771e-05,1.231034463336463155e-04,8.592547006718910529e-02,4.798125772981851611e-01,1.487045260783932850e-03,6.203001980668235019e-05,7.914460927036026455e-05,4.307055742469093063e-01,6.249756447017182522e-05,2.933110476374058313e-04,7.275981185947519476e-05,1.920446595686681754e-04,6.053712855830221436e-05,4.474029810840323296e-05,6.107432585678550241e-05,5.265917581025879486e-04,8.419840072655931235e-05,4.701693548752676987e-05,6.421650145066859613e-05,7.316808577758599050e-05,4.929818089495092282e-05,6.630676146955422556e-05
1.081766208095878348e-04,1.095171382142367969e-04,1.701659227328392824e-04,1.716004844765114390e-01,1.222543110500061176e-04,1.247135120758677057e-03,2.064502181241770901e-04,3.392547206746973154e-04,6.105165481476326761e-03,4.196982925112301976e-01,1.149934466592090511e-02,2.393356297614103088e-04,8.570889888422436468e-05,3.679370847289382593e-04,3.585200768179389757e-04,9.765416530408114364e-05,6.305126407645681786e-05,3.861183025304699701e-01,7.654568547954738490e-05,9.188675334034412858e-04,1.795463942080413372e-04,7.475439046684507832e-05,2.135351588958911764e-04
8.427750795427816027e-05,7.852489154048786083e-05,1.932952003139375412e-04,7.069498487423693652e-04,1.227804959769616122e-01,7.389928348198925301e-01,6.217265342655064727e-05,8.079314781414555062e-05,9.261392789539761876e-05,9.307785671996344806e-05,5.213566897086785445e-02,5.446097702721992579e-04,5.614509063187767278e-05,6.096587151511040088e-05,4.604866559894119776e-02,6.124272130804619084e-05,4.311800482003854302e-05,3.751063535787008824e-02,5.184233478536420158e-05,7.285204723795741480e-05,1.376127077518318146e-04,4.856271071533461368e-05,6.304298202175850452e-05
